120.882947,21.8937;
120.754166,21.902285;
120.735769,21.93662;
120.721971,21.988107;
120.712772,22.073876;
120.712772,22.125312;
120.620786,22.339425;
120.275837,22.613004;
120.285035,22.681313;
120.197648,22.834883;
120.160853,23.005311;
120.078066,23.043627;
120.087264,23.107463;
120.124059,23.252044;
120.165453,23.608564;
120.151655,23.676362;
120.188449,23.748359;
120.280436,23.845702;
120.344826,23.951425;
120.436813,24.099292;
120.464409,24.141507;
120.547197,24.272287;
120.583991,24.373442;
120.675978,24.487144;
120.73117,24.604947;
120.869149,24.70163;
120.924341,24.781442;
120.93354,24.840217;
121.043924,25.007991;
121.103715,25.058278;
121.237095,25.11692;
121.402671,25.162976;
121.457863,25.225751;
121.457863,25.242486;
121.568247,25.296857;
121.669432,25.259218;
121.674031,25.192275;
121.784415,25.150417;
121.913196,25.121108;
121.963788,25.007991;
122.032778,24.98284;
121.926994,24.928327;
121.81661,24.798238;
121.881001,24.579713;
121.881001,24.482934;
121.807411,24.419777;
121.743021,24.23855;
121.697028,24.183709;
121.651034,24.095069;
121.641836,23.997916;
121.517654,23.472862;
121.425668,23.213788;
121.416469,23.103208;
121.356678,23.043627;
121.200301,22.834883;
121.177304,22.745322;
121.053122,22.694117;
120.896745,22.258101;
120.910543,22.009554;
120.850752,21.962366;
120.892146,21.885115;